1 2 3
11 12 13
3 4 5 6 7 8 9 10
11 12 13 14 15 16 17 18 19 20 21 22 23 24 25 26 27 28 29 30 31 32 33 34 35 36 37 38 39 40
1 2 3 4
14 15 16 17 18 19 20 21 22 23 24 25 26
21 22 23 24 25 26
10 11 12 13 14 15 16 17 18 19
18 19 20 21
4
15 16 17 18 19 20 21 22 23 24 25 26

1 2 3 4 5 6 7 8 9 10
53 54 55
19 20 21 22 23 24 25 26 27 28 29

14 15 16 17 18 19 20 21 22 23 24 25 26 27 28 29 30 31 32 33 34 35 36
16 17
5 6 7 8 9 10
1 2 3 4 5
3 4 5 6 7 8 9 10 11 12 13 14 15 16 17 18 19 20 21 22 23 24 25
28 29 30 31
1 2 3 4 5 6 7 8 9 10 11 12 13 14 15 16 17
8 9 10 11 12
11
9 10 11 12 13 14 15 16 17 18 19 20 21 22 23 24 25 26 27 28 29 30 31 32 33
18 19 20 21 22 23 24 25 26 27 28 29 30 31 32 33 34 35 36 37 38 39 40 41 42 43 44 45
31 32 33 34 35 36 37 38 39 40 41 42 43 44 45 46 47 48 49 50 51 52 53 54 55 56 57 58
2 3 4 5 6 7 8
8 9 10 11
16 17 18
69 70 71
8 9 10 11 12 13 14 15 16 17 18 19 20
5 6 7 8 9 10
12 13 14 15 16

10 11 12 13 14 15 16 17 18 19 20 21 22 23 24 25 26 27 28 29 30 31 32 33 34 35 36 37

10 11 12 13 14 15 16 17 18
24 25 26 27 28 29 30

29 30 31 32 33 34 35 36 37 38 39 40
12 13 14 15 16 17 18 19 20 21 22 23 24
4 5 6
1 2 3 4 5 6 7 8 9 10 11 12 13
1
1 2 3 4 5
9 10 11 12 13 14 15 16 17 18 19 20 21 22 23 24
10 11 12 13 14 15 16 17 18 19 20 21
27 28
4 5 6 7 8 9 10 11 12
2 3 4 5 6 7 8 9 10 11 12 13 14 15 16 17 18 19 20 21 22
14 15 16 17 18 19 20 21 22 23 24 25 26 27 28 29 30 31 32 33 34 35 36 37 38 39 40 41 42
2 3 4 5 6 7 8 9 10 11 12
12 13 14 15 16 17 18 19
4 5 6 7 8 9 10 11 12 13 14 15 16 17 18 19 20 21 22 23 24 25 26 27
18
10 11 12 13 14 15
7
10 11 12
8 9 10 11 12 13 14 15
11 12 13 14 15 16
11 12 13
23 24 25 26 27 28
35 36 37 38 39 40 41 42 43 44 45 46 47 48 49 50 51 52 53 54 55 56 57 58
6 7 8 9 10 11 12 13 14 15 16 17 18 19
12 13 14 15 16 17 18 19 20 21 22 23
11 12 13
32 33 34 35 36 37 38 39 40 41 42 43 44 45 46 47 48 49 50 51 52 53 54 55 56 57 58 59 60
12 13 14 15 16 17 18 19 20
4 5 6 7 8 9 10 11 12 13
10 11 12 13 14 15 16 17 18 19 20 21 22 23 24 25 26 27 28 29 30 31 32 33
6 7 8 9 10 11 12 13 14 15 16 17 18 19 20 21 22 23
5 6 7 8 9 10 11 12 13 14 15 16 17 18 19 20 21
28 29 30 31 32 33 34 35 36
25 26 27 28 29 30 31
9 10 11 12 13 14 15 16 17 18 19 20
3
32 33 34 35 36 37 38 39 40 41 42 43 44 45 46 47 48 49 50 51


4
1 2 3 4 5 6
12 13 14 15 16 17 18 19 20 21 22 23 24 25 26 27 28 29 30 31 32 33 34 35 36 37
4 5 6 7 8 9
1 2 3 4 5 6 7 8 9 10 11 12 13 14 15 16 17 18 19 20 21 22 23
13 14 15 16 17 18 19 20
2 3 4 5 6 7 8 9 10 11
5 6 7 8 9 10 11
9
6 7 8 9 10
3 4 5 6 7 8 9 10 11 12 13 14 15
1 2 3 4 5 6 7 8 9 10 11 12 13 14 15 16 17 18 19 20 21 22 23 24 25 26 27 28
12 13 14 15 16 17 18 19 20 21 22 23 24 25 26 27 28 29 30 31 32 33 34 35
15 16 17 18 19 20 21 22
6
9 10 11 12 13 14 15 16 17 18 19 20 21 22 23 24 25 26 27 28 29 30 31 32 33 34 35 36 37
12 13 14 15 16 17 18 19 20 21 22 23 24 25 26 27 28 29 30 31 32 33 34 35 36
10
14 15 16 17 18 19 20 21 22 23 24 25 26 27 28 29 30 31 32 33 34 35 36 37 38 39 40 41 42
19 20 21 22

7 8 9 10 11 12 13
13 14
1 2 3 4 5 6 7 8
30 31 32 33 34 35 36 37 38
11 12 13 14 15 16 17 18 19 20 21 22 23
63 64 65 66 67 68 69 70 71 72 73 74 75 76 77

10 11 12 13 14 15 16 17 18 19 20 21 22 23 24 25 26 27 28 29 30 31 32 33 34 35 36 37 38 39 40 41 42 43
2 3 4 5 6 7 8 9 10 11 12
14 15 16 17 18 19 20 21 22 23 24 25 26 27 28 29 30 31
39 40 41 42
3
21 22 23 24 25 26 27 28 29 30 31 32 33 34 35 36 37 38 39 40
13 14 15 16 17 18 19 20 21 22 23 24 25 26 27 28 29 30 31 32 33 34 35 36 37 38 39 40 41 42 43 44 45 46 47 48 49
1
4 5 6 7 8 9 10 11 12 13
11 12 13 14 15
9 10 11
16
23 24 25 26 27 28 29 30 31 32 33 34 35 36 37 38 39 40 41 42 43 44 45 46 47 48
6 7 8 9
4 5 6 7 8 9 10 11 12 13 14 15 16 17 18 19 20 21 22 23 24 25 26 27 28 29 30 31 32 33 34 35 36 37 38 39 40 41 42 43 44 45 46 47 48 49
42 43 44 45 46 47 48 49 50 51 52 53
6 7 8 9 10 11 12 13 14 15 16 17 18 19 20 21 22
3 4 5 6 7 8 9 10 11 12 13 14 15 16 17 18 19 20 21 22 23 24
20 21 22 23 24 25 26 27 28 29 30 31 32
35 36 37 38 39 40 41 42 43 44 45 46 47 48 49 50 51 52
3 4 5 6 7 8 9 10 11 12 13 14 15 16 17 18 19 20 21 22 23 24 25 26 27 28 29 30
23 24 25 26
3 4 5 6 7 8 9 10 11 12 13 14 15 16 17 18 19 20
3 4 5 6 7 8 9 10 11 12 13 14 15 16 17 18
5 6 7 8 9
2 3 4 5 6 7 8 9 10 11 12 13 14 15 16
8 9 10 11 12 13
6 7 8 9 10 11
1 2
2 3 4 5
1 2 3 4 5 6 7 8 9 10 11 12 13 14 15 16 17 18 19 20 21 22 23 24 25
24 25
15
10 11 12 13 14 15 16 17 18 19 20 21 22 23 24 25 26 27 28 29 30 31
6 7 8 9 10 11 12 13 14 15 16 17 18 19 20 21 22 23 24 25 26 27 28 29 30 31 32 33 34 35 36 37 38 39 40 41 42 43 44 45

6 7 8 9 10 11

5 6 7 8 9
18
38 39 40 41 42 43 44 45 46 47 48 49 50 51 52 53
22 23 24 25 26 27 28 29 30 31 32
21 22 23 24 25 26 27 28 29 30 31 32 33 34
1 2 3 4 5 6 7 8 9 10 11 12 13 14 15 16 17 18 19 20 21 22 23 24
6 7 8
2 3 4 5 6 7 8 9 10 11 12 13 14 15 16 17 18 19 20 21 22 23
11 12 13
21 22 23 24 25 26 27 28 29 30 31 32 33 34 35 36 37 38 39 40 41 42 43 44 45 46 47
22
3 4 5 6 7 8 9 10 11 12
9 10 11 12 13 14 15

5
1 2 3 4 5 6
37 38 39 40 41 42 43 44 45 46 47 48 49 50 51 52 53 54 55 56 57 58 59 60 61 62 63 64 65 66 67 68
3 4 5 6 7
5 6 7 8 9 10 11
3 4 5 6 7 8 9 10 11 12 13 14 15 16 17 18 19 20 21 22 23 24 25 26
12 13 14 15 16 17 18 19 20 21 22 23 24 25 26 27 28
33 34 35 36
3 4 5 6 7 8
2 3
35 36
3 4 5 6 7 8 9 10 11 12 13 14 15 16 17 18 19 20 21 22 23 24 25 26 27 28 29 30 31 32 33 34 35 36 37 38 39 40 41 42 43 44
8
20 21 22 23 24 25 26 27 28 29 30 31 32 33 34 35 36 37 38 39 40 41 42
22 23 24 25 26
9 10 11 12 13 14 15
6 7 8 9 10 11 12
3
2 3 4 5 6 7 8 9 10
7 8 9 10 11 12 13 14 15 16 17 18 19
3 4 5 6 7 8 9 10 11 12 13 14 15 16 17 18 19 20 21 22 23 24
20 21 22 23 24 25

5 6 7 8 9

21 22 23
9 10 11 12 13 14 15 16 17 18 19 20 21 22 23 24 25 26 27 28 29 30 31 32 33 34 35 36 37 38 39 40 41 42
20 21 22 23 24
4 5 6 7 8 9 10 11 12 13 14 15 16 17 18 19 20 21 22
11 12 13 14 15 16 17 18 19 20 21 22 23 24 25 26 27 28 29 30
5 6 7 8
10
3 4 5 6 7 8 9 10 11 12 13 14 15 16
10 11 12 13 14 15 16 17 18 19 20
2 3 4 5 6
52 53 54 55 56 57 58 59 60
7 8 9 10 11 12 13
12 13 14 15 16 17 18 19 20 21 22 23 24 25 26 27 28 29 30 31 32 33 34 35 36 37 38 39 40
3 4 5 6 7 8
3 4 5 6 7 8 9 10 11
10 11 12 13 14 15 16 17 18 19 20 21 22
43 44 45 46 47 48 49
6
9
19 20 21 22 23
8 9
10 11 12 13 14 15 16 17 18 19 20 21 22
12 13 14 15 16 17 18 19 20 21 22 23
2 3 4 5 6
10 11 12 13 14 15 16 17 18 19 20 21 22 23
23 24
1 2 3 4 5 6 7 8 9 10 11 12
22 23 24 25 26 27 28
20 21 22 23 24 25 26 27 28 29 30 31 32 33 34 35 36 37 38 39
1 2 3 4 5 6 7 8 9 10
27 28 29 30 31 32 33 34
1 2 3 4 5 6 7
12 13 14 15 16 17 18 19 20 21 22 23 24 25 26 27 28 29 30 31 32 33 34
58 59 60 61 62 63 64 65 66 67
1 2 3 4 5
3 4 5 6 7 8 9 10 11 12 13 14
6 7 8 9 10 11 12 13
8 9 10 11 12 13 14 15 16 17 18 19 20 21 22 23 24 25 26 27 28 29 30 31 32 33
2 3 4
3 4 5 6 7 8 9 10 11 12 13 14 15 16 17 18 19 20 21 22 23 24 25
14 15 16 17 18 19 20 21 22 23 24 25 26 27 28 29 30 31 32 33 34 35 36 37 38 39 40 41 42 43 44 45 46 47 48 49 50 51 52 53 54 55 56 57
1 2 3 4 5 6 7 8 9 10 11 12 13 14 15
30
1 2 3 4 5 6 7 8
17 18 19 20 21 22 23 24 25 26 27 28 29

2 3
3 4 5 6 7 8 9 10 11 12 13 14 15 16 17 18 19 20 21 22 23 24 25 26 27 28 29 30 31 32 33 34 35 36 37 38 39 40 41 42 43 44 45 46 47 48 49 50 51 52 53 54 55 56 57 58 59 60
13 14 15 16 17 18 19
1 2 3 4 5 6 7 8 9 10 11 12 13

1 2 3 4 5 6 7 8 9
5 6 7 8 9 10 11 12 13 14 15 16 17 18 19 20 21
13 14 15 16 17 18 19 20 21 22 23 24

8 9 10
1 2 3 4 5
2 3 4 5 6 7
1 2 3 4 5 6 7
2 3 4 5 6 7 8 9 10 11 12 13 14 15 16 17 18
14 15 16 17 18 19 20 21 22 23
1 2 3 4 5 6 7 8 9 10 11 12 13 14 15 16 17 18 19 20 21 22 23 24 25
2 3
10 11 12 13 14 15 16 17 18 19 20 21 22 23 24 25 26 27 28 29 30 31 32 33 34 35 36 37 38 39
13 14 15 16 17 18 19 20 21 22
25 26 27 28
23 24 25 26 27 28 29 30 31 32 33 34 35 36
1 2 3 4
13 14
3 4 5 6 7 8 9 10
8 9 10 11 12 13 14 15 16 17 18 19 20 21 22 23 24 25 26 27 28 29 30 31 32 33 34 35 36 37 38 39 40 41 42 43 44 45 46 47 48 49 50 51 52 53 54 55

5
30 31 32 33 34 35 36 37 38 39 40 41 42 43 44 45 46 47 48 49 50 51 52 53 54 55 56 57 58 59 60 61 62 63 64 65 66 67 68 69 70 71 72 73 74 75 76 77 78 79 80 81 82 83 84
11 12
22 23 24 25 26 27 28 29 30 31
8 9 10 11 12
9 10 11 12 13 14 15 16 17 18 19 20 21 22 23 24 25 26 27 28 29 30 31 32 33 34 35 36 37 38 39 40 41 42 43 44 45 46 47 48 49 50 51
4


7 8 9 10 11 12 13 14 15 16 17 18 19 20 21 22 23 24 25 26 27 28 29 30 31 32 33 34 35 36 37 38 39 40 41 42 43 44 45 46 47 48 49 50 51 52 53 54 55 56 57

19 20 21 22 23 24 25 26 27 28 29 30 31 32 33 34 35 36 37 38 39 40 41 42 43 44 45 46 47 48 49 50
9 10 11 12 13 14 15
6
55 56 57 58 59 60 61 62 63 64 65 66 67 68 69 70 71
12 13 14 15 16 17 18 19 20 21 22 23 24 25 26 27 28 29 30 31 32 33 34 35 36 37 38 39 40 41 42 43 44 45
30 31 32 33 34 35 36 37 38 39 40 41 42 43 44 45 46 47 48 49 50 51
13 14
1 2 3 4 5 6 7 8 9 10
28
3 4 5 6 7 8
22 23
3 4 5 6 7 8 9 10 11 12 13 14 15 16 17 18 19 20
5 6 7 8
9 10 11 12 13 14 15 16 17 18 19 20 21 22 23 24 25 26 27 28 29


7 8 9 10 11 12 13 14 15 16 17 18 19 20 21 22 23 24 25 26
10 11 12 13 14 15 16 17 18 19 20 21 22 23 24 25 26 27 28 29 30 31 32 33 34 35
7
13 14
28 29 30 31 32

25 26 27
7 8 9 10 11 12 13 14 15 16 17 18 19 20 21 22 23 24 25 26
18 19 20 21 22 23 24 25 26 27

2 3 4 5 6 7 8
1 2 3 4 5 6 7 8 9
3 4 5 6 7 8 9 10 11 12 13 14
9 10 11 12 13 14 15 16 17 18
25 26 27 28 29 30 31 32 33
14 15 16 17 18 19 20 21 22 23 24 25 26 27 28 29 30 31
7
13 14
3 4 5 6 7
56 57 58 59 60 61 62 63 64
11 12 13 14 15
11 12 13 14 15 16 17
6 7 8 9 10 11 12 13 14 15 16 17 18
10 11 12 13 14 15 16 17 18 19
9 10 11 12 13 14 15 16 17 18 19 20 21 22 23 24 25 26 27 28 29 30 31 32 33 34 35 36 37 38 39 40 41 42 43 44 45 46 47 48 49 50 51 52 53 54
11 12 13 14 15 16
9 10 11 12
2 3 4 5 6 7 8 9 10 11
4 5 6 7 8 9 10 11 12 13
6
16 17 18 19 20 21 22 23 24 25 26 27 28 29 30 31 32 33 34 35 36 37 38 39 40 41 42 43 44 45 46 47 48 49 50 51 52 53 54 55 56 57 58 59 60 61 62
11 12 13 14 15 16 17 18 19 20 21 22 23 24 25 26 27 28 29 30
31 32 33 34 35 36 37
21 22 23 24
2 3 4 5 6 7 8 9 10 11 12 13 14 15 16 17 18 19 20 21 22 23 24 25 26 27 28 29 30 31 32
7 8 9 10 11 12 13 14 15 16
11 12 13 14 15 16 17 18
46 47 48 49 50 51 52

11 12 13 14
3 4 5 6 7 8 9 10
1
1
9 10 11 12 13 14 15
11 12 13 14 15 16 17 18 19 20 21 22 23 24 25 26 27 28 29 30 31 32 33 34 35 36 37 38 39 40 41 42 43 44 45 46 47 48 49 50 51 52 53 54 55 56 57 58 59 60 61 62 63 64 65
8
2 3
12 13 14 15 16 17 18 19 20 21 22 23 24 25 26 27 28 29 30 31 32 33 34 35 36 37 38 39 40 41 42 43 44 45 46 47 48 49 50 51 52 53 54 55 56 57 58 59 60 61 62 63 64

21 22 23 24 25 26 27 28 29 30 31 32 33 34 35 36

2
2 3 4 5
19 20 21 22 23 24 25 26 27 28 29 30 31 32 33 34 35 36 37 38
10 11 12 13 14 15 16 17 18 19 20 21
10 11 12 13
29 30 31 32 33 34 35 36 37 38 39 40 41 42 43 44
7 8 9 10 11 12 13 14 15 16 17 18 19 20 21 22 23 24 25 26 27 28 29 30 31 32 33 34 35 36 37 38 39 40 41 42 43
2 3 4 5 6 7 8 9 10 11

8 9 10 11 12 13
12 13 14 15 16 17 18
1 2 3 4 5 6 7 8 9 10 11 12 13 14 15 16 17 18 19 20 21 22 23 24 25 26 27 28 29 30 31 32 33 34 35 36 37 38
3 4 5 6 7 8 9 10 11 12 13 14 15 16 17 18 19 20 21 22
8 9 10 11 12 13 14 15 16
3 4 5 6 7 8 9 10 11
3 4 5 6 7 8 9 10 11 12 13 14 15 16 17 18 19 20 21 22 23 24 25 26 27 28 29 30 31 32 33 34 35
8 9 10 11 12 13
7 8 9 10 11 12 13 14 15 16 17 18 19 20 21 22 23 24 25 26 27 28 29 30 31 32 33 34 35 36 37 38 39 40 41 42 43 44 45 46 47 48 49 50 51
6 7 8 9 10 11
10 11 12 13 14 15 16 17 18 19 20 21

4 5 6 7 8
5 6 7 8 9 10
33 34 35 36 37 38 39 40 41 42 43 44
5 6 7 8 9 10 11 12
3 4 5 6 7 8 9 10 11 12 13 14 15 16 17 18 19
18 19
3 4

19 20 21 22 23 24
2 3 4 5
7 8 9
55 56 57 58 59
4 5 6 7 8 9 10 11 12 13 14 15 16 17 18 19 20 21 22 23 24 25 26 27 28 29 30 31 32 33 34 35 36
4 5 6 7 8 9 10 11 12 13 14 15 16 17
37 38 39 40 41 42 43 44 45 46 47 48 49 50 51 52 53
10 11 12 13 14 15 16
9 10 11 12 13 14 15

3 4 5 6 7 8 9
8 9 10 11 12 13 14 15
20 21 22 23 24
2 3 4

3 4 5 6 7

8 9 10 11 12 13 14 15 16 17 18 19 20 21 22 23 24 25

5 6 7 8 9 10 11 12
24 25 26 27 28 29 30 31 32 33 34 35 36 37 38 39 40 41 42 43 44
2 3 4 5 6 7 8 9 10 11 12 13 14 15 16 17 18 19 20 21 22 23 24 25 26 27 28 29 30 31
5 6 7 8 9 10 11 12 13 14 15

43 44
57 58 59 60 61
25 26 27 28 29 30 31 32 33 34 35 36

17 18 19 20 21
20 21 22 23 24 25 26 27 28 29 30 31
31 32 33 34 35
15 16 17 18 19 20 21 22 23 24 25 26 27 28 29 30 31 32 33 34 35 36 37 38 39 40 41 42 43 44 45 46
5 6 7 8 9
7 8 9 10
16 17 18 19 20 21 22 23 24 25 26 27
2 3 4 5 6
13 14
5 6 7 8 9
6 7 8 9 10 11 12 13 14 15 16 17 18 19 20 21 22 23 24 25 26 27 28 29 30 31 32 33 34 35 36 37
19 20 21 22
4 5 6 7 8 9 10 11 12 13 14 15 16 17 18 19 20 21
1
26 27 28 29 30 31 32 33 34 35 36 37 38 39 40 41 42 43 44 45 46 47 48 49 50 51 52 53 54 55 56 57 58 59 60 61 62 63 64 65 66 67 68 69 70 71


5 6 7 8 9 10
4 5 6 7 8 9 10 11 12 13 14 15 16 17 18 19 20 21 22 23 24 25 26 27 28 29
8 9 10 11 12 13 14 15 16
33 34 35
18 19 20 21 22 23 24 25 26 27 28 29 30 31 32 33 34 35 36 37 38 39 40 41 42 43 44 45

10 11 12 13 14 15 16 17 18 19 20 21 22

21 22 23 24 25 26
6 7 8 9 10 11
14 15 16 17 18 19 20 21 22 23 24 25 26 27 28 29 30 31 32 33 34
22 23 24 25 26 27 28 29 30 31 32
9
2 3 4 5 6 7 8 9 10 11 12 13 14 15 16
8 9
21 22
19 20 21 22 23 24 25 26 27 28 29 30 31 32 33 34 35 36 37 38 39 40 41 42 43 44 45 46 47 48 49 50 51 52 53
54 55 56 57 58 59 60 61 62 63 64
4 5 6 7 8 9 10 11 12 13 14 15 16 17 18 19 20 21 22 23 24 25 26 27 28 29 30 31 32 33 34
7 8 9 10 11 12 13 14 15 16 17 18 19 20 21 22
17 18 19
19 20 21 22 23 24 25 26 27 28 29 30 31 32 33 34 35
39 40
1
16 17
2 3 4 5 6 7 8 9 10 11 12 13 14 15 16 17 18 19 20 21 22 23 24 25 26 27 28 29 30
28 29 30 31 32 33 34 35 36
3 4 5 6 7 8 9 10 11 12
19 20 21 22 23 24 25 26 27 28 29 30 31 32 33 34 35 36 37 38 39
3 4 5 6 7 8 9 10 11 12 13 14 15 16 17 18 19 20 21 22 23 24 25 26 27 28 29 30 31 32 33 34 35 36 37 38 39 40 41 42 43 44 45 46
5 6 7 8 9 10 11 12
13 14 15
17 18 19 20 21 22 23 24 25 26 27 28 29 30 31 32 33 34 35 36 37 38 39 40 41 42 43 44 45 46 47 48 49 50 51 52 53 54 55 56
2 3 4 5 6 7 8 9 10 11 12
8 9 10 11 12 13 14 15 16 17 18 19 20 21 22 23 24 25
9 10 11 12 13 14 15 16 17 18 19 20 21 22 23 24 25 26 27 28 29
1 2 3 4 5
12 13 14 15 16 17
8 9 10 11 12 13 14 15 16
2 3 4 5 6 7 8 9 10 11 12 13 14 15 16 17 18 19 20 21 22 23 24 25 26 27 28 29 30 31 32 33 34 35 36 37 38 39 40
3 4 5 6 7 8 9 10 11 12 13 14
1 2 3 4 5
12 13 14
2 3 4 5 6 7 8 9 10 11 12 13 14
19 20 21
9 10 11 12 13 14 15 16 17 18
11 12 13 14 15 16 17 18 19 20 21 22 23 24 25 26 27 28 29 30 31 32 33 34 35 36 37 38 39 40 41 42 43 44 45 46 47 48 49 50 51 52 53 54 55 56 57 58 59 60 61 62 63 64
1
10 11 12 13 14
11 12 13 14 15 16 17 18 19 20 21 22 23
7 8 9 10 11 12 13 14 15 16
5 6 7 8 9 10 11 12 13 14 15 16 17 18 19 20 21 22 23 24 25 26
3
3 4 5 6 7 8 9 10 11 12 13 14 15 16 17 18 19 20 21 22 23 24 25 26 27
20 21
5 6 7 8 9 10 11 12 13 14 15
1 2
29 30 31 32
1 2 3 4
5 6 7 8
4 5 6 7 8 9 10 11 12 13
1
28 29 30 31 32 33 34 35 36 37 38 39 40 41
4 5 6 7 8 9 10 11 12 13 14 15 16 17 18 19 20 21 22 23 24
12 13 14 15 16 17 18
13 14 15 16 17 18 19 20 21 22 23 24 25 26 27 28 29 30 31 32 33 34 35 36 37 38 39 40 41 42 43 44 45 46 47 48 49 50 51 52 53 54 55 56
15 16 17 18 19 20 21 22 23 24 25
6 7 8 9 10 11 12 13 14 15 16 17 18 19 20 21 22 23 24 25
17 18 19 20 21 22 23 24 25 26 27 28 29 30 31 32
3 4 5 6 7 8 9 10 11 12
10 11 12 13 14 15 16 17 18 19 20 21 22 23
21 22 23 24 25 26 27 28 29 30 31 32 33 34 35 36 37 38
39
33 34 35 36 37 38

12 13 14 15 16 17 18 19 20 21 22 23 24 25 26 27 28
7 8 9 10 11 12 13 14 15 16 17 18 19
57 58 59 60 61
31 32 33 34 35 36 37 38 39 40 41 42 43 44 45 46 47 48 49 50 51 52 53 54 55 56
4 5 6 7 8
12 13 14 15 16 17 18 19 20 21 22 23 24
2 3
4 5 6 7 8 9 10 11
34 35 36 37 38 39 40 41 42 43 44 45
13 14
21 22 23 24 25 26 27 28 29 30 31 32 33 34 35
34 35
4 5 6 7 8 9 10 11 12 13 14 15 16 17 18 19 20

8 9 10 11 12 13 14 15 16 17 18 19 20 21 22 23 24 25 26 27 28 29 30 31 32 33 34 35 36 37 38 39 40 41 42 43
4 5
6 7 8 9 10 11 12 13 14 15 16 17 18 19

1 2 3 4 5 6
15 16 17 18 19 20 21 22 23 24 25 26 27 28 29 30 31 32 33 34
27 28 29 30
36 37 38 39 40 41 42 43 44 45 46 47 48 49 50 51 52 53 54 55 56 57 58
16 17 18 19 20 21 22 23 24 25 26 27 28
6 7 8 9 10 11 12 13 14 15 16 17 18 19 20 21 22 23 24 25 26 27 28 29 30 31 32 33 34 35 36 37 38 39 40 41 42 43 44 45 46 47 48 49 50 51 52 53 54 55
1 2
29 30 31 32 33
7 8 9 10 11 12 13 14 15 16 17
2 3 4 5
4 5 6 7 8 9 10 11 12 13 14 15
8 9 10 11 12 13 14 15 16 17 18 19 20 21 22 23 24 25 26 27
3 4 5 6 7 8 9 10 11 12 13 14 15 16 17 18 19 20 21 22 23 24 25 26 27 28 29 30 31 32 33 34 35 36 37 38 39 40 41
34 35 36 37 38 39 40 41 42 43 44 45 46 47 48 49 50 51 52 53 54 55 56 57 58 59 60 61 62 63 64 65 66 67
25 26 27

2 3
7 8 9 10 11 12 13 14 15 16 17 18 19 20 21 22 23 24 25 26 27 28 29 30 31
14 15 16 17
20 21 22
27 28 29 30 31 32 33 34 35 36 37 38 39 40 41
9 10

5 6 7 8 9 10
4 5 6 7 8 9 10 11 12 13 14 15 16 17 18 19 20 21 22 23 24 25 26 27 28 29 30 31 32 33 34 35 36 37 38 39 40 41 42 43 44 45 46

59 60
6 7 8 9 10 11 12 13 14 15 16 17 18 19 20 21 22 23 24 25
24 25 26 27 28 29 30 31 32 33 34
24 25 26 27 28 29 30 31 32 33 34 35 36 37 38 39 40 41 42 43 44 45 46 47 48 49 50 51 52 53 54
33 34 35 36 37 38 39 40 41 42 43 44 45 46 47 48
34 35 36 37 38 39 40 41 42 43 44 45 46 47 48 49 50 51 52 53 54 55 56 57 58 59 60 61 62 63 64 65 66 67 68 69 70 71 72
14 15 16 17 18 19 20 21 22 23 24 25 26 27 28 29 30 31 32 33 34 35 36 37 38 39 40 41 42 43 44 45 46 47
3 4 5 6 7 8 9 10 11 12 13 14 15
14 15 16 17 18 19 20 21 22
16 17 18 19 20 21 22 23 24 25 26 27 28 29 30 31 32 33 34 35 36 37 38 39 40 41 42 43 44 45 46 47 48 49 50

13 14 15 16 17 18
14 15 16
22 23 24 25 26 27 28 29 30 31 32 33 34 35 36 37 38 39 40 41 42 43 44 45 46 47 48 49 50 51 52 53 54 55 56 57 58

9 10 11 12 13
21 22 23 24 25 26 27 28 29 30 31 32 33 34 35 36 37 38 39 40 41 42 43 44 45 46 47 48 49 50
11 12 13 14 15 16 17 18 19 20 21 22 23 24 25 26 27
2
12
10 11 12 13
3 4 5 6
7 8 9 10 11 12 13 14 15
1 2 3 4 5 6 7
10 11 12
5 6 7 8 9 10 11 12 13 14
7 8 9 10 11 12 13 14 15 16 17 18 19 20 21 22 23 24 25 26 27 28 29 30 31 32 33 34 35 36

3 4 5 6 7 8 9 10 11 12 13 14 15 16 17 18 19 20 21 22 23
1 2
51 52 53 54 55 56
20 21 22 23 24 25

7 8 9 10 11 12 13 14 15 16 17 18 19 20 21 22 23 24

15 16 17 18 19 20 21 22 23 24 25 26 27 28 29 30 31 32 33 34 35 36
4 5 6 7 8 9 10 11 12 13 14 15 16 17 18 19 20 21 22 23
16 17 18 19 20 21
19 20 21 22 23 24 25 26 27 28 29 30
9 10 11 12 13 14

51 52 53 54 55 56
4 5 6 7 8 9 10 11 12 13 14
3 4 5 6 7 8 9 10 11 12 13 14 15 16 17
11 12 13
6 7 8 9 10 11 12 13 14 15 16 17 18 19 20 21 22 23 24 25 26 27 28 29 30
7 8 9 10 11 12 13 14
15 16
7 8 9 10 11 12 13 14 15 16 17 18 19 20 21 22 23 24 25 26 27 28 29 30 31 32 33 34 35
12
1 2 3
17 18 19 20 21 22 23 24
7 8 9 10 11 12 13
1 2 3 4 5 6 7 8 9 10 11 12 13 14 15 16 17 18 19 20 21 22 23 24 25 26 27 28 29 30 31 32 33 34 35
1 2 3 4 5 6 7 8 9 10
7 8 9
6 7 8 9 10 11 12
2 3 4
10 11 12 13 14 15 16 17 18 19 20
13 14 15 16 17 18 19 20 21 22 23 24 25 26 27 28 29 30 31 32
13 14 15 16 17 18 19 20 21 22 23 24 25 26 27 28 29 30 31 32 33 34 35 36 37 38 39 40
26 27
14 15
9 10 11 12 13 14 15 16 17 18 19 20 21 22 23 24 25 26 27 28 29 30 31 32 33 34 35 36 37 38
5 6 7 8 9 10 11 12 13 14 15 16 17 18 19 20 21
11 12 13
3 4 5 6 7 8
1 2 3 4 5 6 7 8 9 10 11 12 13 14 15 16 17
4 5 6 7 8 9 10 11 12 13 14

36 37 38 39 40 41 42 43 44 45 46 47 48 49 50 51 52 53 54 55 56 57 58 59
4 5 6 7 8 9 10 11 12 13 14 15 16 17 18 19 20 21
12 13 14 15 16 17 18 19 20 21 22 23
11 12 13 14 15 16 17 18 19 20 21 22 23 24 25 26 27 28
15 16 17 18 19 20 21 22 23 24 25 26 27 28 29 30 31 32 33 34 35 36 37 38 39 40
3
1 2 3 4 5 6 7 8 9 10 11 12
17 18 19 20 21 22 23 24 25
17 18 19
2 3 4 5
1 2 3 4 5 6 7 8 9 10 11 12 13 14 15 16 17 18
8 9 10 11
2
15 16 17 18 19 20 21 22 23 24 25 26 27 28 29 30 31 32 33 34 35 36 37 38 39 40 41 42 43 44 45 46 47 48 49 50 51 52 53 54 55 56 57 58 59 60 61 62 63 64 65
70 71 72 73 74 75 76 77 78 79 80 81 82 83

6 7 8 9 10 11 12 13 14 15 16 17 18 19

22 23 24 25 26 27 28 29 30 31 32 33
4 5
11 12 13 14 15 16 17 18 19 20 21 22 23 24 25 26 27 28 29 30 31 32 33 34 35 36
7 8 9 10 11 12 13 14 15 16 17 18 19 20 21 22
38 39 40 41 42 43 44
21 22 23
3 4
7 8 9 10 11 12 13 14 15 16 17 18 19 20 21 22 23 24 25 26 27
1 2 3 4 5 6 7
67 68 69 70 71 72 73 74
1 2 3 4 5 6 7
6 7 8 9 10 11 12
4 5 6 7 8 9 10

10
22 23 24 25 26 27 28 29 30 31 32 33 34 35 36
36 37 38 39 40 41 42 43 44 45 46 47 48 49
9 10 11 12 13
6
10 11 12 13 14 15 16 17 18 19 20
1 2 3 4 5
23 24 25 26 27 28 29 30 31

8 9 10 11 12
9 10 11 12 13 14 15 16 17 18 19 20 21 22 23 24 25 26 27 28 29 30 31 32 33
28 29 30 31 32 33 34 35 36 37 38 39 40 41 42 43

19 20
10 11 12 13 14 15 16 17 18 19 20 21 22 23 24 25 26 27 28 29 30 31 32 33 34 35 36

11 12 13 14 15 16 17 18 19 20 21 22 23 24 25 26 27 28 29
6 7 8 9 10 11 12 13 14 15 16 17 18 19 20
10 11 12 13 14 15
1 2 3 4 5 6 7 8 9 10 11 12 13 14 15 16 17 18 19 20
27 28 29 30
8 9 10 11 12 13 14 15 16 17 18 19 20 21 22 23 24 25
6 7 8 9 10 11 12 13 14 15 16
20 21 22 23 24 25 26 27 28 29 30 31 32 33 34 35 36
1 2 3
11 12 13 14
2 3
6 7 8 9 10 11 12 13 14 15 16 17 18 19 20
14 15
9 10 11 12 13 14 15 16 17 18
25 26 27 28 29 30 31 32 33 34
33 34 35 36 37 38 39 40 41 42 43 44 45 46 47

16 17 18 19 20 21 22 23
8 9 10 11 12 13 14 15 16 17 18 19 20
11 12 13 14 15 16 17 18 19 20
6
3 4 5 6 7 8 9 10
24 25 26 27 28 29 30 31 32 33 34 35 36 37 38 39 40 41 42 43 44 45 46 47 48 49 50 51 52 53 54 55 56

2 3 4 5 6 7 8 9 10 11
2 3 4 5 6 7 8 9
25 26 27 28 29 30 31 32 33 34 35 36 37 38
8 9
4 5 6 7 8 9
2
16 17
15
39 40 41 42 43 44 45 46 47 48 49 50 51
25 26 27 28 29
7 8 9 10 11 12 13 14 15 16
16 17 18 19
1 2 3
86 87 88 89 90 91 92 93 94 95 96
13 14 15 16 17 18 19 20 21 22 23 24
23 24 25 26 27 28 29 30 31 32 33 34 35 36 37 38 39 40 41 42 43 44 45
26 27 28 29 30 31 32 33 34 35 36 37 38 39 40 41
10 11 12 13 14 15
24 25 26 27 28 29 30 31 32 33 34 35 36 37 38 39 40 41 42 43 44
2 3 4 5 6 7 8 9 10 11 12 13 14 15 16 17 18 19 20 21 22 23
11 12
15 16 17 18 19 20 21 22
26 27 28 29 30 31 32 33

16 17 18 19 20 21 22 23 24 25 26 27 28 29
3 4 5 6 7 8 9 10 11 12 13 14 15 16 17

3 4 5 6 7 8 9 10 11 12 13 14 15 16 17 18 19 20 21 22 23 24 25 26 27 28 29 30 31 32 33 34 35 36 37 38 39 40 41 42 43 44 45 46 47 48 49 50 51
4 5 6 7 8 9 10 11 12 13 14 15 16 17 18 19 20 21 22 23 24 25 26 27 28 29 30 31 32 33 34
2 3 4 5 6 7 8 9 10
9 10
13 14
11 12 13 14 15
8 9 10 11 12 13 14 15 16 17 18 19 20 21 22 23 24 25 26 27 28 29 30
33 34 35 36 37 38 39 40 41 42 43 44 45 46 47 48 49 50 51 52 53 54 55 56 57 58 59


2 3 4 5
16 17 18 19 20 21 22 23 24 25 26 27 28 29 30 31 32 33 34
3 4 5 6 7 8 9
6 7 8 9 10 11 12 13 14 15 16 17 18 19 20 21 22 23

5 6
3 4 5 6 7 8 9 10 11 12 13 14 15 16 17 18 19 20 21 22 23 24 25 26 27 28 29 30 31
1 2 3 4 5 6 7 8 9 10 11 12 13 14 15 16 17 18 19 20
11 12 13 14 15 16 17 18 19 20 21 22 23 24 25 26 27 28 29 30 31
21 22 23 24 25 26 27
12
8
11 12 13 14 15 16 17 18 19 20 21 22 23 24 25 26 27 28 29 30 31 32 33 34 35 36 37 38 39 40 41 42
1
8 9 10 11 12 13 14 15 16 17 18 19 20 21 22 23
5
20 21

11 12 13 14 15 16 17 18 19 20 21 22 23 24 25 26 27 28 29 30 31 32 33 34 35 36 37 38 39 40 41 42
6 7 8 9 10 11 12 13 14
8 9 10 11
8 9 10 11 12 13 14 15 16 17 18 19 20 21 22 23 24 25 26 27 28 29 30 31 32 33 34 35 36 37 38
19 20 21 22 23 24 25 26 27 28 29 30 31 32 33 34 35 36 37 38 39 40 41 42 43 44 45 46 47 48 49 50 51 52 53 54 55 56 57
11 12 13 14 15
6 7 8 9
1 2 3 4 5 6 7 8 9 10 11 12 13 14 15
25 26 27 28 29 30 31 32 33 34 35 36 37 38 39 40 41 42 43 44 45 46 47
3 4 5 6 7 8 9 10 11 12 13 14 15 16
8 9 10 11 12 13 14 15 16 17 18 19 20
2
7 8 9 10 11 12 13 14 15 16 17 18 19 20 21 22 23 24 25 26 27 28 29 30 31 32 33 34 35 36 37 38 39 40 41 42 43 44 45 46 47 48 49 50 51 52 53 54 55 56
3 4 5 6

10 11 12 13 14 15 16 17 18 19 20 21 22 23 24 25 26 27
1 2 3 4 5 6 7 8


19 20 21 22 23 24 25 26
7 8 9 10 11 12 13 14 15 16 17 18 19 20 21 22 23 24 25 26 27 28 29 30 31 32 33 34
4 5 6 7 8 9 10 11 12 13 14 15 16 17 18 19 20 21 22 23
12 13 14 15 16 17 18 19 20 21 22 23 24 25 26 27 28
28 29 30
8 9 10 11 12 13
1 2


1 2 3 4 5 6 7 8 9 10 11 12 13 14
29 30 31 32 33 34 35 36 37 38 39 40 41 42
3 4 5
25 26 27 28 29 30 31
9 10 11 12 13 14 15 16 17 18 19 20 21 22 23 24 25 26
2 3 4 5 6 7 8 9 10
6 7 8 9 10 11 12 13 14 15
5
15 16 17 18 19 20 21 22 23 24 25 26 27 28 29 30 31
9 10 11 12 13
11 12 13 14 15 16 17 18 19 20
25 26 27 28 29 30 31 32 33 34 35 36

33
17 18 19 20 21 22 23 24 25 26 27 28 29 30 31 32 33 34
2 3 4 5 6 7 8

4 5 6 7 8 9 10 11 12 13
21 22 23 24
4 5 6
10 11 12 13 14 15 16 17 18 19 20 21 22 23
9 10 11 12 13 14 15 16 17 18 19 20 21 22 23
13 14 15 16 17 18
4 5 6 7 8 9 10 11 12 13 14 15 16 17 18 19 20 21 22 23 24 25 26 27 28 29 30 31 32 33 34 35 36 37 38 39 40 41 42 43
15 16 17 18 19 20 21 22 23 24 25 26 27 28 29 30 31 32 33 34 35 36

4 5 6 7 8 9 10 11 12 13 14 15 16 17
29 30 31 32
1 2 3 4 5 6 7 8 9 10 11 12 13 14 15 16 17 18 19 20 21 22 23 24 25 26 27 28 29 30 31 32 33 34 35 36 37 38 39 40 41 42 43 44 45 46 47 48 49 50 51 52 53
3 4 5 6 7
4
8 9
10 11 12 13 14 15 16 17 18 19 20 21 22 23 24 25 26 27 28 29 30 31 32 33 34 35 36 37 38 39 40 41 42 43 44 45
20 21 22 23 24 25 26 27 28
15 16 17 18 19 20 21 22 23 24 25 26 27 28 29 30 31 32 33 34 35 36 37 38 39

6 7 8 9
39 40 41 42 43 44 45 46 47 48 49 50 51
7 8 9 10 11 12 13
20 21 22 23 24 25 26 27 28 29 30 31 32 33 34 35 36 37 38 39 40 41 42 43 44 45 46 47 48 49
5 6 7
22 23 24 25 26 27 28 29 30 31 32 33 34 35 36 37 38 39 40 41 42 43 44
34 35 36 37 38 39 40 41
2 3 4 5 6 7 8 9 10 11 12 13
18 19 20 21 22 23 24 25 26 27 28 29 30 31
22 23 24 25 26 27 28 29 30 31 32 33 34 35 36 37 38 39 40 41
14 15 16 17 18 19 20
3 4 5 6 7 8 9 10 11 12 13 14 15 16 17 18 19 20 21 22 23 24 25 26 27 28 29 30 31 32 33 34 35 36 37 38 39 40 41 42 43 44 45 46 47 48 49
1 2 3 4 5 6 7 8 9 10
23 24 25 26 27 28 29 30 31 32 33 34 35
24 25
7 8 9 10 11 12
5 6 7 8 9 10 11 12 13 14 15
2 3 4 5 6 7
14 15 16 17 18 19 20 21 22 23 24 25 26 27
10 11 12
4 5
7 8 9 10 11 12 13 14 15 16
1 2 3 4 5 6 7 8 9
3 4 5 6 7 8 9 10 11
17 18 19 20 21 22 23 24 25
2 3 4 5
12 13 14 15 16 17 18 19 20 21 22 23
2 3
6 7
42 43 44 45 46 47 48 49 50 51 52 53
1 2 3 4 5 6 7 8 9 10 11 12 13 14 15 16 17 18
9 10 11 12 13 14 15 16
3
31 32 33 34 35 36 37 38 39 40 41 42 43 44 45 46 47 48 49 50 51 52
11 12
1 2 3 4 5 6 7 8 9 10
32 33 34 35 36 37 38 39 40 41 42 43 44 45 46 47 48 49

4 5
24 25 26 27 28 29 30 31 32 33
43 44 45 46 47 48 49

22 23 24 25
28 29 30 31 32 33 34 35 36 37 38 39 40 41 42 43 44

36 37 38 39 40 41 42 43 44 45 46 47
3 4 5 6 7 8 9 10 11 12 13 14 15 16 17 18 19 20 21 22 23 24 25 26 27 28 29 30 31 32 33 34 35 36 37 38 39 40 41 42 43 44

9 10
7 8 9
21 22 23 24 25 26 27 28 29 30 31 32 33 34 35 36 37 38 39 40 41
4 5 6 7 8 9 10 11 12 13 14 15 16 17 18 19
3 4
2 3 4 5
3 4 5 6 7 8 9 10 11 12 13 14 15
17 18
17 18 19 20 21 22 23 24 25 26 27 28 29 30 31 32
11 12 13 14 15 16 17 18 19 20 21 22 23 24 25 26 27 28 29 30 31 32 33 34 35 36 37
4 5 6 7 8 9 10 11 12 13 14 15 16 17 18 19 20 21 22 23 24 25 26 27 28 29 30 31 32 33 34 35
10 11 12 13 14 15 16 17 18 19 20 21 22 23 24
5 6 7 8
12 13 14 15 16 17 18 19 20 21 22 23 24 25 26 27 28 29 30 31 32 33 34 35 36 37 38 39 40 41 42 43 44 45 46 47 48 49 50 51 52 53


16 17 18 19 20 21 22 23 24 25 26 27 28 29 30 31 32 33 34 35 36 37 38 39 40 41 42 43 44 45 46
10
13 14 15 16 17 18
20 21 22 23
11 12
12 13
6 7 8
6
